824767690518167635
824996094428708874
824774504676851723
782324531472760887
821743140221747260
702223169951629402
756894589369057340
782656004978507796
782324531472760883
782891189103099915
783964618371760128
796466957914341386
789149346448539648
803183659355209788
803984982569648179
803990886337085480
836298562336981042
885535835292860426
882928749480386592
882928840807174166
882928694509862932
899989698963984435
922222633024634890
702226477843742760
920047890729148456
955465487834284062
959055665249288263
782324531472760886
702226536769519716
1050467779993669632
1037659359133569034
1032905302430990400
1089927634785411182
1115613708836679760
1031323206507827280
1172478802757177414
1162071300798427136
976806673333239839
1180262578681815134
642275842591948800
1281607418471776328
450559164503031808
1349432076302155868
